0.1 0.8 0.1
0.101295 0.79916 0.099545
0.102604407486 0.798301402013 0.099094190501
0.103928291683 0.797424152721 0.0986475555959
0.105266719518 0.796528200813 0.098205079669
0.106619755542 0.795613497064 0.097766747394
0.107987461857 0.79467999441 0.0973325437328
0.10936989804 0.793727648027 0.0969024539332
0.110767121071 0.792756415401 0.0964764635281
0.112179185256 0.791766256411 0.0960545583329
0.113606142154 0.790757133401 0.0956367244446
0.115048040503 0.789729011257 0.0952229482395
0.116504926143 0.788681857485 0.0948132163722
0.117976841946 0.787615642281 0.094407515773
0.119463827739 0.786530338614 0.0940058336473
0.120965920235 0.785425922292 0.0936081574729
0.122483152958 0.784302372043 0.093214474999
0.124015556172 0.783159669584 0.0928247742444
0.125563156809 0.781997799696 0.0924390434953
0.1271259784 0.780816750296 0.0920572713042
0.128704041007 0.779616512505 0.091679446488
0.130297361152 0.778397080722 0.0913055581261
0.131905951751 0.77715845269 0.0909355955591
0.133529822048 0.775900629565 0.0905695483865
0.13516897755 0.774623615984 0.0902074064656
0.136823419964 0.773327420126 0.0898491599094
0.138493147134 0.772012053781 0.089494799085
0.140178152981 0.770677532407 0.0891443146117
0.141878427444 0.769323875197 0.0887976973597
0.143593956422 0.76795110513 0.0884549384481
0.145324721721 0.766559249036 0.088116029243
0.147070700997 0.765148337647 0.0877809613561
0.148831867707 0.76371840565 0.0874497266429
0.150608191057 0.762269491742 0.0871223172009
0.152399635959 0.760801638673 0.0867987253679
0.15420616298 0.7593148933 0.0864789437203
0.156027728301 0.757809306627 0.0861629650714
0.157864283682 0.756284933849 0.0858507824696
0.159715776414 0.754741834389 0.0855423891969
0.161582149292 0.753180071941 0.0852377787671
0.163463340578 0.751599714498 0.084936944924
0.165359283973 0.750000834388 0.0846398816397
0.167269908585 0.748383508302 0.0843465831131
0.169195138913 0.746747817319 0.0840570437682
0.171134894815 0.745093846932 0.0837712582523
0.173089091499 0.743421687067 0.0834892214345
0.1750576395 0.741731432096 0.0832109284039
0.177040444672 0.74002318086 0.082936374468
0.179037408177 0.738297036672 0.0826655551513
0.181048426479 0.736553107328 0.0823984661934
0.18307339134 0.734791505113 0.0821351035477
0.185112189822 0.733012346798 0.0818754633795
0.187164704293 0.731215753643 0.0816195420647
0.189230812426 0.729401851386 0.0813673361883
0.191310387219 0.727570770239 0.0811188425426
0.193403297003 0.725722644871 0.080874058126
0.19550940546 0.723857614398 0.0806329801414
0.197628571647 0.721975822358 0.0803956059949
0.199760650016 0.72007741669 0.0801619332939
0.201905490445 0.718162549709 0.0799319598465
0.204062938266 0.716231378075 0.0797056836593
0.206232834304 0.71428406276 0.0794831029367
0.20841501491 0.712320769011 0.0792642160793
0.210609312007 0.71034166631 0.0790490216825
0.212815553133 0.708346928331 0.0788375185356
0.21503356149 0.70633673289 0.0786297056203
0.217263155993 0.704311261898 0.0784255821096
0.21950415133 0.702270701303 0.0782251473668
0.221756358017 0.700215241038 0.0780284009441
0.224019582462 0.698145074956 0.0778353425818
0.226293627025 0.696060400767 0.0776459722072
0.228578290094 0.693961419972 0.0774602899334
0.230873366149 0.691848337792 0.0772782960589
0.233178645839 0.689721363095 0.0770999910658
0.23549391606 0.68758070832 0.07692537562
0.237818960033 0.685426589397 0.0767544505695
0.24015355739 0.683259225666 0.0765872169441
0.242497484256 0.68107883979 0.0764236759546
0.244850513337 0.678885657671 0.076263828992
0.247212414017 0.676679908356 0.076107677627
0.249582952442 0.674461823948 0.0759552236093
0.251961891625 0.672231639508 0.0758064688673
0.254348991534 0.669989592958 0.0756614155073
0.256744009203 0.667735924984 0.0755200658133
0.259146698824 0.665470878929 0.0753824222466
0.261556811857 0.663194700698 0.0752484874453
0.263974097134 0.660907638641 0.0751182642243
0.266398300968 0.658609943457 0.0749917555748
0.268829167259 0.656301868077 0.0748689646645
0.271266437607 0.653983667557 0.0747498948369
0.273709851423 0.651655598965 0.074634549612
0.276159146046 0.649317921268 0.0745229326856
0.27861405685 0.646970895221 0.0744150479299
0.281074317364 0.644614783243 0.074310899393
0.283539659389 0.642249849311 0.0742104912997
0.286009813113 0.639876358836 0.0741138280513
0.288484507227 0.637494578548 0.0740209142259
0.290963469045 0.635104776376 0.0739317545791
0.293446424624 0.632707221332 0.0738463540436
0.295933098878 0.630302183392 0.0737647177304
0.298423215699 0.627889933372 0.0736868509289
0.300916498076 0.625470742816 0.0736127591075
0.303412668214 0.623044883872 0.0735424479138
0.305911447648 0.620612629176 0.0734759231762
0.308412557365 0.618174251732 0.0734131909033
0.310915717919 0.615730024795 0.0733542572857
0.31342064955 0.613280221754 0.0732991286962
0.315927072295 0.610825116015 0.0732478116906
0.318434706106 0.608364980885 0.0732003130089
0.320943270966 0.605900089458 0.0731566395758
0.323452486996 0.603430714502 0.073116798502
0.325962074573 0.600957128342 0.0730807970848
0.328471754434 0.598479602757 0.0730486428095
0.330981247789 0.59599840886 0.0730203433503
0.333490276429 0.593513816999 0.0729959065713
0.335998562829 0.591026096644 0.0729753405278
0.338505830251 0.588535516282 0.0729586534671
0.341011802852 0.586042343318 0.0729458538304
0.343516205779 0.583546843968 0.0729369502532
0.34601876527 0.581049283163 0.0729319515673
0.34851920875 0.578549924449 0.0729308668012
0.351017264927 0.576049029891 0.0729337051825
0.353512663881 0.573546859981 0.0729404761382
0.356005137157 0.571043673547 0.0729511892966
0.358494417853 0.568539727659 0.0729658544886
0.360980240703 0.566035277548 0.072984481749
0.363462342164 0.563530576518 0.0730070813177
0.365940460494 0.561025875864 0.0730336636415
0.368414335831 0.558521424794 0.0730642393751
0.370883710268 0.556017470349 0.0730988193828
0.373348327931 0.55351425733 0.0731374147398
0.375807935043 0.551012028223 0.0731800367338
0.378262279998 0.548511023136 0.0732266968658
0.380711113424 0.546011479723 0.0732774068524
0.383154188247 0.543513633126 0.0733321786266
0.38559125975 0.54101771591 0.0733910243394
0.388022085634 0.538523958005 0.073453956361
0.39044642607 0.536032586647 0.0735209872825
0.392864043753 0.53354382633 0.0735921299171
0.395274703952 0.531057898747 0.0736673973013
0.397678174558 0.528575022745 0.0737468026965
0.400074226128 0.526095414282 0.07383035959
0.402462631926 0.523619286377 0.0739180816966
0.404843167965 0.521146849075 0.0740099829597
0.407215613043 0.518678309405 0.0741060775521
0.409579748775 0.516213871347 0.074206379878
0.41193535963 0.513753735797 0.0743109045735
0.414282232955 0.511298100537 0.0744196665079
0.416620159006 0.508847160209 0.0745326807849
0.41894893097 0.506401106287 0.0746499627433
0.421268344988 0.503960127053 0.0747715279583
0.423578200175 0.501524407582 0.0748973922424
0.425878298637 0.499094129717 0.0750275716458
0.428168445486 0.496669472056 0.0751620824578
0.430448448853 0.494250609939 0.0753009412075
0.432718119899 0.491837715437 0.0754441646639
0.434977272821 0.489430957341 0.0755917698373
0.437225724864 0.487030501156 0.0757437739794
0.439463296319 0.484636509097 0.0759001945839
0.44168981053 0.482249140083 0.0760610493873
0.44390509389 0.479868549742 0.0762263563684
0.446108975844 0.477494890407 0.0763961337495
0.448301288882 0.475128311122 0.0765703999961
0.450481868537 0.472768957646 0.0767491738171
0.452650553374 0.470416972461 0.0769324741651
0.454807184985 0.468072494779 0.077120320236
0.456951607976 0.465735660555 0.077312731469
0.459083669958 0.463406602496 0.0775097275463
0.46120322153 0.461085450077 0.0777113283933
0.463310116268 0.458772329555 0.0779175541773
0.465404210705 0.456467363987 0.0781284253078
0.467485364317 0.454170673248 0.0783439624354
0.469553439499 0.45188237405 0.0785641864513
0.471608301551 0.449602579962 0.0787891184864
0.473649818654 0.447331401436 0.0790187799105
0.475677861843 0.445068945826 0.0792531923311
0.477692304992 0.442815317416 0.0794923775924
0.479693024783 0.440570617444 0.0797363577738
0.481679900681 0.43833494413 0.0799851551889
0.483652814913 0.436108392703 0.0802387923837
0.485611652433 0.433891055432 0.0804972921349
0.487556300899 0.431683021653 0.0807606774487
0.489486650641 0.429484377801 0.081028971558
0.491402594636 0.427295207442 0.0813021979214
0.493304028473 0.425115591306 0.0815803802205
0.495190850325 0.422945607318 0.0818635423574
0.497062960915 0.420785330632 0.0821517084532
0.498920263488 0.418634833668 0.0824449028443
0.500762663776 0.416494186143 0.0827431500807
0.502590069965 0.414363455112 0.0830464749225
0.504402392665 0.412242704998 0.0833549023374
0.506199544871 0.410131997632 0.0836684574973
0.507981441937 0.408031392288 0.083987165775
0.509748001534 0.405940945725 0.084311052741
0.511499143624 0.403860712217 0.0846401441598
0.513234790417 0.401790743597 0.0849744659862
0.514954866346 0.399731089293 0.0853140443612
0.516659298025 0.397681796367 0.0856589056084
0.518348014218 0.395642909552 0.0860090762293
0.520020945806 0.393614471294 0.0863645828993
0.521678025749 0.391596521788 0.086725452463
0.523319189053 0.389589099018 0.0870917119293
0.524944372738 0.387592238795 0.0874633884671
0.526553515801 0.3856059748 0.0878405093995
0.528146559184 0.383630338617 0.0882231021993
0.52972344574 0.381665359778 0.0886111944828
0.531284120198 0.379711065797 0.0890048140051
0.532828529131 0.377767482215 0.0894039886538
0.534356620925 0.375834632632 0.089808746443
0.535868345742 0.373912538751 0.0902191155077
0.537363655491 0.372001220412 0.0906351240968
0.538842503795 0.370100695638 0.0910568005673
0.54030484596 0.368210980663 0.0914841733771
0.541750638943 0.366332089978 0.0919172710785
0.543179841322 0.364464036367 0.0923561223109
0.544592413263 0.362606830943 0.0928007557937
0.545988316496 0.360760483185 0.0932512003189
0.54736751428 0.358925000977 0.0937074847432
0.548729971374 0.357100390645 0.0941696379805
0.550075654015 0.355286656991 0.0946376889939
0.551404529882 0.35348380333 0.0951116667873
0.552716568074 0.351691831529 0.0955916003968
0.554011739081 0.349910742036 0.0960775188827
0.555290014758 0.348140533921 0.0965694513201
0.5565513683 0.346381204909 0.0970674267902
0.557795774216 0.344632751413 0.0975714743712
0.559023208304 0.342895168567 0.0980816231284
0.560233647629 0.341168450265 0.0985979021053
0.561427070498 0.339452589189 0.0991203403131
0.562603456438 0.337747576841 0.0996489667211
0.563762786173 0.336053403581 0.100183810247
0.564905041602 0.334370058654 0.100724899744
0.566030205783 0.332697530222 0.101272263995
0.567138262905 0.331035805399 0.101825931696
0.568229198274 0.329384870276 0.10238593145
0.569302998292 0.327744709955 0.102952291754
0.57035965044 0.326115308576 0.103525040984
0.571399143258 0.324496649351 0.104104207391
0.572421466331 0.322888714587 0.104689819082
0.573426610269 0.321291485717 0.105281904013
0.574414566695 0.319704943331 0.105880489974
0.575385328227 0.318129067197 0.106485604575
0.576338888466 0.316563836294 0.10709727524
0.577275241979 0.315009228834 0.107715529187
0.578194384289 0.313465222292 0.108340393419
0.579096311861 0.311931793429 0.10897189471
0.579981022091 0.310408918318 0.109610059591
0.580848513292 0.30889657237 0.110254914338
0.581698784689 0.307394730355 0.110906484956
0.582531836401 0.305903366431 0.111564797168
0.583347669441 0.304422454161 0.112229876398
0.584146285698 0.302951966543 0.11290174776
0.584927687935 0.301491876025 0.113580436039
0.585691879782 0.300042154535 0.114265965683
0.586438865722 0.298602773496 0.114958360782
0.587168651093 0.29717370385 0.115657645056
0.587881242078 0.295754916081 0.116363841841
0.588576645699 0.29434638023 0.117076974071
0.589254869816 0.29294806592 0.117797064264
0.589915923118 0.291559942372 0.11852413451
0.590559815125 0.290181978428 0.119258206448
0.591186556179 0.288814142564 0.119999301257
0.59179615745 0.287456402914 0.120747439637
0.592388630922 0.286108727284 0.121502641793
0.592963989405 0.284771083173 0.122264927421
0.593522246524 0.283443437786 0.12303431569
0.594063416722 0.282125758052 0.123810825225
0.594587515263 0.280818010644 0.124594474094
0.595094558226 0.279520161988 0.125385279785
0.595584562513 0.278232178287 0.1261832592
0.596057545846 0.276954025528 0.126988428626
0.59651352677 0.275685669501 0.127800803729
0.596952524656 0.274427075815 0.128620399529
0.597374559702 0.273178209908 0.12944723039
0.597779652939 0.271939037062 0.130281309999
0.598167826232 0.270709522421 0.131122651348
0.598539102283 0.269489630996 0.131971266722
0.59889350464 0.268279327683 0.132827167677
0.599231057695 0.267078577277 0.133690365028
0.599551786696 0.265887344477 0.134560868827
0.599855717746 0.264705593906 0.135438688348
0.600142877811 0.263533290116 0.136323832073
0.600413294727 0.262370397602 0.137216307671
0.600666997204 0.261216880815 0.138116121981
0.600904014835 0.260072704166 0.139023280999
0.601124378098 0.258937832043 0.139937789859
0.601328118368 0.257812228817 0.140859652815
0.60151526792 0.256695858854 0.141788873226
0.60168585994 0.255588686521 0.142725453539
0.601839928528 0.254490676198 0.143669395274
0.601977508708 0.253401792287 0.144620699005
0.602098636437 0.25232199922 0.145579364343
0.60220334861 0.251251261463 0.146545389926
0.602291683071 0.250189543533 0.147518773396
0.602363678616 0.249136809998 0.148499511386
0.602419375008 0.248093025486 0.149487599505
0.60245881298 0.247058154696 0.150483032323
0.602482034245 0.246032162401 0.151485803353
0.602489081505 0.245015013458 0.152495905038
0.602479998456 0.24400667281 0.153513328734
0.602454829803 0.243007105498 0.154538064699
0.602413621262 0.242016276664 0.155570102075
0.602356419568 0.241034151556 0.156609428875
0.602283272491 0.240060695537 0.157656031972
0.602194228835 0.239095874088 0.158709897077
0.602089338451 0.238139652813 0.159771008736
0.601968652244 0.237191997447 0.160839350309
0.601832222181 0.236252873858 0.161914903961
0.601680101298 0.235322248053 0.162997650649
0.60151234371 0.234400086182 0.164087570108
0.601329004614 0.233486354544 0.165184640842
0.601130140302 0.232581019588 0.16628884011
0.600915808162 0.231684047921 0.167400143917
0.600686066691 0.230795406309 0.168518527
0.600440975497 0.229915061681 0.169643962822
0.600180595307 0.229042981136 0.170776423558
0.599904987974 0.228179131939 0.171915880087
0.599614216482 0.227323481533 0.173062301985
0.599308344952 0.226475997535 0.174215657513
0.598987438647 0.225636647744 0.175375913609
0.598651563978 0.224805400139 0.176543035883
0.598300788507 0.223982222888 0.177716988605
0.597935180954 0.223167084342 0.178897734704
0.597554811198 0.222359953046 0.180085235756
0.597159750283 0.221560797736 0.181279451981
0.596750070419 0.220769587343 0.182480342238
0.596325844989 0.219986290994 0.183687864017
0.595887148547 0.219210878014 0.184901973439
0.595434056823 0.21844331793 0.186122625247
0.594966646723 0.21768358047 0.187349772807
0.594484996332 0.216931635565 0.188583368103
0.593989184914 0.216187453351 0.189823361736
0.59347929291 0.21545100417 0.19106970292
0.592955401943 0.214722258574 0.192322339483
0.592417594814 0.214001187319 0.193581217866
0.591865955501 0.213287761376 0.194846283123
0.591300569158 0.212581951921 0.19611747892
0.590721522114 0.211883730347 0.197394747539
0.590128901869 0.211193068255 0.198678029876
0.589522797091 0.21050993746 0.199967265448
0.588903297615 0.209834309993 0.201262392391
0.588270494436 0.209166158097 0.202563347468
0.587624479704 0.208505454227 0.203870066069
0.586965346722 0.207852171059 0.205182482219
0.586293189939 0.207206281478 0.206500528583
0.585608104943 0.206567758588 0.207824136469
0.584910188455 0.205936575707 0.209153235838
0.584199538321 0.20531270637 0.210487755309
0.583476253506 0.204696124326 0.211827622168
0.582740434082 0.204086803541 0.213172762377
0.581992181225 0.203484718195 0.21452310058
0.581231597199 0.202889842684 0.215878560117
0.580458785351 0.20230215162 0.217239063029
0.579673850097 0.201721619828 0.218604530075
0.578876896914 0.20114822235 0.219974880736
0.578068032326 0.200581934438 0.221350033236
0.577247363893 0.200022731561 0.222729904546
0.576415000197 0.199470589402 0.224114410402
0.57557105083 0.198925483852 0.225503465318
0.574715626381 0.198387391019 0.2268969826
0.573848838419 0.197856287219 0.228294874362
0.572970799481 0.197332148981 0.229697051539
0.572081623053 0.196814953042 0.231103423905
0.57118142356 0.19630467635 0.23251390009
0.570270316343 0.195801296062 0.233928387595
0.569348417647 0.19530478954 0.235346792813
0.568415844601 0.194815134354 0.236769021045
0.567472715202 0.194332308282 0.238194976516
0.566519148294 0.193856289305 0.239624562401
0.565555263552 0.193387055608 0.24105768084
0.564581181463 0.19292458558 0.242494232957
0.563597023303 0.192468857811 0.243934118886
0.562602911119 0.192019851094 0.245377237788
0.56159896771 0.191577544419 0.246823487871
0.560585316603 0.191141916977 0.24827276642
0.559562082035 0.190712948157 0.249724969808
0.558529388927 0.190290617544 0.25117999353
0.557487362866 0.189874904917 0.252637732218
0.55643613008 0.189465790251 0.25409807967
0.555375817417 0.189063253713 0.25556092887
0.55430655232 0.188667275664 0.257026172016
0.553228462806 0.188277836652 0.258493700543
0.552141677438 0.187894917416 0.259963405145
0.551046325308 0.187518498884 0.261435175808
0.549942536003 0.187148562169 0.262908901828
0.548830439591 0.186785088569 0.264384471839
0.547710166588 0.186428059568 0.265861773844
0.546581847936 0.186077456831 0.267340695234
0.545445614978 0.185733262203 0.26882112282
0.544301599432 0.185395457711 0.270302942857
0.543149933368 0.185064025559 0.271786041073
0.541990749175 0.184738948129 0.273270302696
0.540824179544 0.184420207978 0.274755612478
0.539650357435 0.184107787835 0.27624185473
0.538469416054 0.183801670605 0.277728913341
0.537281488828 0.18350183936 0.279216671812
0.536086709373 0.183208277345 0.280705013282
0.534885211474 0.182920967972 0.282193820554
0.533677129055 0.182639894818 0.283682976127
0.532462596154 0.182365041625 0.285172362221
0.531241746893 0.1820963923 0.286661860807
0.530014715456 0.181833930911 0.288151353634
0.52878163606 0.181577641684 0.289640722256
0.527542642929 0.181327509007 0.291129848065
0.526297870266 0.181083517422 0.292618612312
0.525047452231 0.180845651628 0.294106896141
0.523791522909 0.180613896476 0.295594580616
0.522530216286 0.18038823697 0.297081546744
0.521263666225 0.180168658264 0.298567675511
0.519992006438 0.17995514566 0.300052847902
0.518715370459 0.179747684608 0.301536944932
0.517433891621 0.179546260703 0.303019847677
0.516147703028 0.17935085968 0.304501437292
0.51485693753 0.179161467421 0.305981595049
0.513561727702 0.178978069944 0.307460202354
0.512262205811 0.178800653406 0.308937140783
0.510958503799 0.178629204101 0.3104122921
0.509650753255 0.178463708456 0.311885538289
0.508339085388 0.178304153033 0.313356761579
0.507023631011 0.178150524522 0.314825844468
0.505704520508 0.178002809743 0.316292669749
0.504381883818 0.177860995644 0.317757120538
0.503055850406 0.177725069298 0.319219080295
0.501726549247 0.1775950179 0.320678432853
0.500394108796 0.177470828767 0.322135062437
0.499058656971 0.177352489334 0.323588853694
0.49772032113 0.177239987157 0.325039691713
0.496379228047 0.177133309904 0.326487462048
0.495035503897 0.177032445358 0.327932050745
0.493689274226 0.176937381413 0.329373344361
0.492340663942 0.176848106071 0.330811229987
0.490989797284 0.176764607445 0.332245595271
0.48963679781 0.176686873749 0.333676328441
0.488281788374 0.176614893303 0.335103318323
0.486924891111 0.176548654526 0.336526454362
0.485566227414 0.176488145939 0.337945626647
0.484205917919 0.176433356155 0.339360725926
0.482844082486 0.176384273886 0.340771643629
0.481480840183 0.176340887933 0.342178271884
0.480116309271 0.17630318719 0.34358050354
0.478750607183 0.176271160636 0.344978232182
0.477383850513 0.176244797337 0.34637135215
0.476016154998 0.176224086443 0.347759758559
0.474647635506 0.176209017183 0.349143347311
0.473278406016 0.176199578867 0.350522015117
0.471908579611 0.176195760878 0.351895659511
0.47053826846 0.176197552676 0.353264178864
0.469167583806 0.17620494379 0.354627472404
0.467796635953 0.17621792382 0.355985440227
0.466425534256 0.17623648243 0.357337983313
0.465054387108 0.176260609351 0.358685003541
0.463683301928 0.176290294372 0.3600264037
0.462312385149 0.176325527343 0.361362087507
0.460941742215 0.176366298171 0.362691959615
0.45957147756 0.176412596814 0.364015925626
0.458201694609 0.176464413284 0.365333892107
0.456832495762 0.17652173764 0.366645766598
0.455463982392 0.176584559985 0.367951457623
0.454096254829 0.176652870468 0.369250874703
0.452729412359 0.176726659277 0.370543928363
0.451363553216 0.176805916637 0.371830530146
0.449998774573 0.176890632809 0.373110592618
0.448635172535 0.176980798083 0.374384029381
0.44727284214 0.177076402782 0.375650755078
0.445911877344 0.177177437251 0.376910685405
0.444552371025 0.177283891862 0.378163737113
0.443194414972 0.177395757004 0.379409828024
0.441838099886 0.177513023085 0.38064887703
0.440483515371 0.177635680527 0.381880804102
0.439130749936 0.177763719764 0.3831055303
0.43777989099 0.177897131236 0.384322977774
0.436431024838 0.17803590539 0.385533069771
0.435084236683 0.178180032676 0.386735730641
0.43373961062 0.178329503539 0.387930885841
0.432397229636 0.178484308424 0.389118461939
0.431057175614 0.178644437766 0.39029838662
0.429719529323 0.17880988199 0.391470588687
0.428384370428 0.178980631507 0.392634998066
0.427051777482 0.17915667671 0.393791545808
0.425721827932 0.179338007974 0.394940164094
0.424394598118 0.179524615647 0.396080786235
0.423070163273 0.179716490052 0.397213346675
0.421748597528 0.179913621481 0.398337780991
0.42042997391 0.180116000192 0.399454025898
0.419114364347 0.180323616404 0.400562019249
0.417801839669 0.180536460299 0.401661700032
0.416492469613 0.18075452201 0.402753008377
0.415186322822 0.180977791626 0.403835885551
0.413883466855 0.181206259184 0.404910273962
0.412583968182 0.181439914664 0.405976117154
0.411287892198 0.18167874799 0.407033359813
0.409995303217 0.181922749023 0.40808194776
0.408706264485 0.182171907559 0.409121827956
0.407420838181 0.182426213325 0.410152948494
0.406139085421 0.182685655974 0.411175258605
0.404861066267 0.182950225084 0.41218870865
0.403586839727 0.183219910151 0.413193250122
0.402316463766 0.18349470059 0.414188835645
0.401049995309 0.183774585726 0.415175418965
0.39978749025 0.184059554794 0.416152954957
0.398529003452 0.184349596934 0.417121399614
0.397274588762 0.184644701186 0.418080710051
0.396024299012 0.184944856491 0.419030844497
0.394778186026 0.185250051679 0.419971762295
0.393536300631 0.185560275474 0.420903423895
0.392298692659 0.185875516484 0.421825790857
0.39106541096 0.186195763201 0.422738825839
0.389836503404 0.186521003994 0.423642492602
0.388612016893 0.186851227108 0.424536755999
0.387391997367 0.187186420658 0.425421581974
0.386176489812 0.187526572628 0.42629693756
0.384965538268 0.187871670864 0.427162790869
0.383759185836 0.188221703071 0.428019111092
0.382557474692 0.188576656811 0.428865868497
0.381360446087 0.188936519497 0.429703034415
0.380168140362 0.189301278392 0.430530581246
0.378980596954 0.1896709206 0.431348482446
0.377797854404 0.190045433068 0.432156712529
0.376619950367 0.190424802579 0.432955247054
0.375446921624 0.190809015748 0.433744062628
0.374278804083 0.191198059021 0.434523136897
0.373115632795 0.191591918667 0.435292448538
0.371957441962 0.191990580777 0.43605197726
0.370804264944 0.192394031262 0.436801703794
0.369656134267 0.192802255844 0.437541609889
0.368513081638 0.193215240057 0.438271678306
0.367375137947 0.19363296924 0.438991892813
0.366242333284 0.194055428536 0.43970223818
0.365114696941 0.194482602888 0.440402700171
0.363992257425 0.194914477032 0.441093265543
0.36287504247 0.195351035497 0.441773922033
0.361763079038 0.195792262601 0.44244465836
0.36065639334 0.196238142447 0.443105464214
0.359555010834 0.196688658915 0.44375633025
0.358458956244 0.197143795668 0.444397248088
0.357368253561 0.19760353614 0.4450282103
0.356282926059 0.198067863535 0.445649210406
0.355202996303 0.198536760825 0.446260242872
0.354128486154 0.199010210746 0.4468613031
0.353059416784 0.199488195795 0.447452387421
0.351995808684 0.199970698222 0.448033493094
0.35093768167 0.200457700036 0.448604618294
0.349885054896 0.200949182993 0.449165762112
0.348837946861 0.201445128595 0.449716924543
0.347796375423 0.201945518093 0.450258106485
0.346760357799 0.202450332473 0.450789309728
0.345729910584 0.202959552462 0.451310536954
0.344705049755 0.203473158521 0.451821791725
0.34368579068 0.203991130842 0.452323078478
0.342672148128 0.204513449348 0.452814402524
0.34166413628 0.205040093685 0.453295770035
0.340661768734 0.205571043223 0.453767188043
0.339665058518 0.206106277053 0.454228664429
0.338674018095 0.206645773984 0.454680207921
0.337688659374 0.207189512537 0.455121828089
0.33670899372 0.207737470948 0.455553535332
0.33573503196 0.208289627161 0.455975340879
0.334766784392 0.20884595883 0.456387256778
0.333804260795 0.20940644331 0.456789295895
0.332847470437 0.209971057662 0.457181471901
0.331896422084 0.210539778644 0.457563799272
0.330951124006 0.211112582715 0.45793629328
0.330011583988 0.211689446027 0.458298969986
0.329077809336 0.212270344428 0.458651846236
0.328149806888 0.212855253457 0.458994939655
0.327227583019 0.213444148343 0.459328268637
0.326311143651 0.214037004004 0.459651852345
0.32540049426 0.214633795041 0.459965710699
0.324495639883 0.215234495743 0.460269864373
0.32359658513 0.215839080082 0.460564334788
0.322703334185 0.216447521709 0.460849144106
0.32181589082 0.217059793956 0.461124315224
0.320934258398 0.217675869835 0.461389871767
0.320058439882 0.218295722035 0.461645838083
0.319188437844 0.218919322919 0.461892239237
0.31832425447 0.219546644529 0.462129101001
0.317465891568 0.220177658577 0.462356449854
0.316613350575 0.220812336452 0.462574312972
0.315766632565 0.221450649213 0.462782718222
0.314925738254 0.222092567591 0.462981694155
0.314090668008 0.222738061989 0.463171270003
0.313261421851 0.223387102479 0.463351475669
0.31243799947 0.224039658805 0.463522341724
0.311620400221 0.22469570038 0.463683899399
0.310808623138 0.225355196284 0.463836180578
0.310002666938 0.22601811527 0.463979217792
0.309202530025 0.226684425759 0.464113044216
0.308408210502 0.22735409584 0.464237693658
0.307619706172 0.228027093272 0.464353200556
0.306837014547 0.228703385485 0.464459599969
0.306060132851 0.229382939576 0.464556927573
0.30528905803 0.230065722317 0.464645219653
0.304523786755 0.230751700147 0.464724513098
0.303764315429 0.231440839177 0.464794845394
0.30301064019 0.232133105193 0.464856254617
0.302262756922 0.232828463652 0.464908779426
0.301520661255 0.233526879686 0.464952459059
0.300784348572 0.234228318102 0.464987333326
0.300053814019 0.234932743383 0.465013442598
0.299329052502 0.235640119691 0.465030827807
0.298610058698 0.236350410866 0.465039530436
0.297896827059 0.237063580429 0.465039592512
0.297189351816 0.237779591583 0.465031056601
0.296487626985 0.238498407216 0.465013965799
0.295791646371 0.239219989899 0.46498836373
0.295101403573 0.239944301893 0.464954294534
0.294416891989 0.240671305148 0.464911802863
0.29373810482 0.241400961305 0.464860933875
0.293065035075 0.242133231701 0.464801733224
0.292397675576 0.242868077366 0.464734247058
0.291736018962 0.243605459031 0.464658522008
0.291080057691 0.244345337128 0.464574605182
0.290429784048 0.245087671792 0.46448254416
0.289785190148 0.245832422865 0.464382386987
0.289146267937 0.246579549899 0.464274182163
0.288513009202 0.247329012158 0.46415797864
0.287885405567 0.248080768622 0.464033825811
0.287263448505 0.248834777987 0.463901773507
0.286647129337 0.249590998675 0.463761871988
0.286036439235 0.25034938883 0.463614171935
0.28543136923 0.251109906325 0.463458724445
0.28483191021 0.251872508767 0.463295581023
0.284238052929 0.252637153497 0.463124793574
0.283649788007 0.253403797595 0.462946414398
0.283067105933 0.254172397888 0.46276049618
0.282489997071 0.254942910945 0.462567091984
0.28191845166 0.255715293091 0.462366255249
0.281352459821 0.256489500404 0.462158039775
0.280792011557 0.257265488721 0.461942499722
0.280237096755 0.258043213646 0.461719689599
0.279687705194 0.258822630547 0.461489664259
0.279143826542 0.259603694568 0.461252478889
0.278605450364 0.260386360629 0.461008189006
0.278072566121 0.261170583433 0.460756850446
0.277545163174 0.261956317466 0.46049851936
0.277023230786 0.262743517011 0.460233252203
0.276506758127 0.263532136142 0.45996110573
0.275995734275 0.264322128738 0.459682136987
0.275490148216 0.265113448482 0.459396403302
0.274989988851 0.265906048869 0.459103962281
0.274495244994 0.26669988321 0.458804871796
0.274005905378 0.267494904638 0.458499189984
0.273521958654 0.268291066115 0.458186975231
0.273043393397 0.269088320431 0.457868286171
0.272570198104 0.269886620219 0.457543181677
0.272102361199 0.27068591795 0.457211720851
0.271639871032 0.271486165949 0.456873963019
0.271182715885 0.272287316391 0.456529967723
0.270730883972 0.273089321316 0.456179794712
0.270284363439 0.273892132625 0.455823503936
0.26984314237 0.274695702094 0.455461155537
0.269407208782 0.275499981376 0.455092809842
0.268976550636 0.276304922007 0.454718527357
0.268551155831 0.277110475412 0.454338368757
0.268131012209 0.277916592913 0.453952394878
0.267716107555 0.278723225732 0.453560666713
0.2673064296 0.279530324999 0.453163245401
0.266901966023 0.280337841758 0.452760192219
0.266502704449 0.281145726972 0.452351568578
0.266108632455 0.281953931532 0.451937436013
0.265719737567 0.282762406258 0.451517856175
0.265336007265 0.283571101912 0.451092890823
0.264957428982 0.284379969197 0.45066260182
0.264583990106 0.285188958771 0.450227051123
0.26421567798 0.285998021247 0.449786300773
0.263852479907 0.286807107202 0.449340412892
0.263494383144 0.287616167183 0.448889449673
0.263141374911 0.288425151716 0.448433473374
0.262793442386 0.289234011306 0.447972546308
0.26245057271 0.29004269645 0.44750673084
0.262112752985 0.290851157641 0.447036089374
0.261779970277 0.291659345374 0.446560684349
0.261452211616 0.29246721015 0.446080578233
0.261129463996 0.293274702491 0.445595833513
0.260811714377 0.294081772935 0.445106512688
0.260498949686 0.29488837205 0.444612678263
0.260191156817 0.295694450442 0.444114392741
0.259888322631 0.296499958752 0.443611718617
0.259590433958 0.297304847675 0.443104718367
0.259297477598 0.298109067954 0.442593454448
0.259009440318 0.298912570397 0.442077989285
0.258726308859 0.299715305877 0.441558385263
0.258448069931 0.300517225341 0.441034704728
0.258174710214 0.301318279814 0.440507009972
0.257906216361 0.30211842041 0.439975363229
0.257642574999 0.302917598333 0.439439826669
0.257383772723 0.303715764887 0.43890046239
0.257129796106 0.304512871481 0.438357332412
0.256880631691 0.305308869637 0.437810498672
0.256636265997 0.306103710991 0.437260023012
0.256396685514 0.306897347307 0.436705967179
0.256161876708 0.307689730477 0.436148392815
0.255931826021 0.30848081253 0.435587361449
0.255706519867 0.309270545637 0.435022934495
0.255485944637 0.31005888212 0.434455173244
0.255270086694 0.310845774452 0.433884138854
0.25505893238 0.311631175269 0.433309892351
0.254852468009 0.312415037375 0.432732494616
0.254650679873 0.313197313745 0.432152006382
0.254453554238 0.313977957532 0.43156848823
0.254261077345 0.314756922076 0.430982000579
0.254073235412 0.315534160905 0.430392603684
0.253890014631 0.316309627744 0.429800357625
0.253711401171 0.317083276521 0.429205322308
0.253537381175 0.31785506137 0.428607557455
0.253367940763 0.318624936639 0.428007122598
0.253203066028 0.319392856894 0.427404077078
0.253042743041 0.320158776926 0.426798480034
0.252886957845 0.320922651754 0.4261903904
0.252735696461 0.321684436635 0.425579866904
0.252588944882 0.322444087065 0.424966968053
0.252446689078 0.323201558784 0.424351752138
0.252308914991 0.323956807786 0.423734277223
0.252175608538 0.324709790318 0.423114601143
0.252046755612 0.325460462891 0.422492781497
0.251922342076 0.32620878228 0.421868875644
0.25180235377 0.326954705532 0.421242940698
0.251686776504 0.32769818997 0.420615033526
0.251575596062 0.328439193198 0.41998521074
0.251468798202 0.329177673105 0.419353528694
0.251366368651 0.329913587871 0.418720043478
0.251268293111 0.33064689597 0.418084810919
0.251174557253 0.331377556177 0.41744788657
0.251085146721 0.332105527569 0.41680932571
0.251000047128 0.332830769534 0.416169183339
0.250919244058 0.333553241769 0.415527514173
0.250842723065 0.334272904291 0.414884372644
0.250770469672 0.334989717438 0.414239812891
0.250702469371 0.33570364187 0.413593888759
0.250638707624 0.33641463858 0.412946653796
0.250579169859 0.337122668892 0.412298161248
0.250523841473 0.337827694469 0.411648464058
0.250472707829 0.338529677312 0.410997614859
0.250425754256 0.33922857977 0.410345665973
0.250382966053 0.339924364539 0.409692669409
0.250344328479 0.340616994664 0.409038676857
0.250309826763 0.341306433551 0.408383739687
0.250279446095 0.34199264496 0.407727908946
0.250253171631 0.342675593014 0.407071235355
0.25023098849 0.343355242205 0.406413769305
0.250212881753 0.344031557389 0.405755560858
0.250198836465 0.344704503795 0.405096659739
0.250188837632 0.345374047029 0.404437115339
0.250182870219 0.346040153073 0.403776976708
0.250180919156 0.346702788288 0.403116292556
0.250182969329 0.347361919421 0.402455111251
0.250189005585 0.348017513603 0.401793480812
0.250199012729 0.348669538357 0.401131448914
0.250212975527 0.349317961592 0.400469062881
0.250230878698 0.349962751616 0.399806369685
0.250252706922 0.350603877131 0.399143415947
0.250278444833 0.351241307236 0.398480247931
0.250308077021 0.351875011433 0.397816911546
0.250341588031 0.352504959627 0.397153452342
0.250378962364 0.353131122125 0.39648991551
0.250420184474 0.353753469646 0.395826345881
0.250465238766 0.354371973313 0.395162787921
0.250514109601 0.354986604663 0.394499285737
0.250566781289 0.355597335644 0.393835883067
0.250623238093 0.35620413862 0.393172623287
0.250683464226 0.35680698637 0.392509549404
0.250747443851 0.35740585209 0.391846704058
0.250815161081 0.358000709397 0.391184129522
0.250886599976 0.358591532325 0.390521867698
0.250961744546 0.359178295334 0.38985996012
0.251040578747 0.359760973305 0.389198447948
0.251123086482 0.360339541543 0.388537371976
0.2512092516 0.360913975778 0.387876772621
0.251299057897 0.361484252169 0.387216689934
0.251392489113 0.3620503473 0.386557163588
0.25148952893 0.362612238184 0.385898232886
0.251590160977 0.363169902264 0.385239936759
0.251694368824 0.363723317412 0.384582313764
0.251802135985 0.364272461931 0.383925402084
0.251913445913 0.364817314556 0.383269239531
0.252028282004 0.365357854454 0.382613863542
0.252146627595 0.365894061222 0.381959311183
0.252268465962 0.366425914894 0.381305619144
0.25239378032 0.366953395933 0.380652823746
0.252522553824 0.367476485239 0.380000960937
0.252654769566 0.367995164144 0.37935006629
0.252790410576 0.368509414413 0.378700175011
0.25292945982 0.369019218248 0.378051321931
0.253071900203 0.369524558283 0.377403541514
0.253217714563 0.370025417587 0.37675686785
0.253366885676 0.370521779661 0.376111334663
0.253519396249 0.371013628444 0.375466975307
0.253675228928 0.371500948305 0.374823822767
0.253834366289 0.371983724048 0.374181909663
0.253996790843 0.37246194091 0.373541268247
0.254162485034 0.372935584561 0.372901930406
0.254331431236 0.373404641103 0.372263927661
0.254503611756 0.373869097071 0.371627291173
0.254679008835 0.37432893943 0.370992051736
0.25485760464 0.374784155576 0.370358239785
0.25503938127 0.375234733335 0.369725885394
0.255224320757 0.375680660965 0.369095018278
0.255412405058 0.376121927149 0.368465667793
0.255603616062 0.376558521 0.367837862938
0.255797935584 0.376990432058 0.367211632358
0.255995345371 0.377417650287 0.366587004342
0.256195827094 0.37784016608 0.365964006826
0.256399362353 0.378257970252 0.365342667395
0.256605932676 0.378671054039 0.364723013284
0.256815519517 0.379079409104 0.364105071379
0.257028104257 0.379483027526 0.363488868217
0.257243668202 0.379881901807 0.362874429991
0.257462192584 0.380276024866 0.362261782551
0.257683658561 0.380665390039 0.3616509514
0.257908047217 0.381049991078 0.361041961705
0.258135339561 0.38142982215 0.360434838289
0.258365516524 0.381804877835 0.359829605641
0.258598558965 0.382175153124 0.359226287911
0.258834447667 0.382540643418 0.358624908916
0.259073163334 0.382901344526 0.35802549214
0.259314686597 0.383257252666 0.357428060736
0.259558998011 0.38360836446 0.356832637529
0.259806078052 0.383954676933 0.356239245015
0.260055907123 0.384296187512 0.355647905365
0.260308465547 0.384632894026 0.355058640426
0.260563733573 0.3849647947 0.354471471726
0.260821691373 0.385291888158 0.353886420469
0.26108231904 0.385614173416 0.353303507544
0.261345596592 0.385931649885 0.352722753523
0.261611503971 0.386244317365 0.352144178663
0.261880021041 0.386552176048 0.351567802911
0.262151127588 0.386855226511 0.350993645901
0.262424803324 0.387153469714 0.350421726962
0.262701027882 0.387446907004 0.349852065114
0.26297978082 0.387735540105 0.349284679074
0.263261041618 0.388019371123 0.348719587258
0.263544789681 0.388298402538 0.348156807781
0.263831004337 0.388572637206 0.347596358458
0.264119664837 0.388842078353 0.347038256811
0.264410750357 0.389106729577 0.346482520066
0.264704239999 0.389366594842 0.345929165159
0.265000112786 0.38962167848 0.345378208735
0.265298347668 0.389871985182 0.34482966715
0.265598923519 0.390117520003 0.344283556478
0.265901819139 0.390358288354 0.343739892507
0.266207013254 0.390594296003 0.343198690743
0.266514484513 0.390825549072 0.342659966414
0.266824211495 0.391052054033 0.342123734472
0.267136172703 0.391273817706 0.341590009591
0.267450346569 0.391490847257 0.341058806174
0.267766711449 0.391703150197 0.340530138354
0.268085245631 0.391910734376 0.340004019993
0.268405927327 0.392113607985 0.339480464688
0.268728734682 0.392311779546 0.338959485772
0.269053645767 0.392505257919 0.338441096314
0.269380638584 0.392694052292 0.337925309124
0.269709691065 0.392878172181 0.337412136754
0.270040781072 0.393057627428 0.3369015915
0.270373886401 0.393232428195 0.336393685404
0.270708984776 0.393402584967 0.335888430257
0.271046053856 0.393568108545 0.335385837599
0.271385071235 0.393729010041 0.334885918724
0.271726014436 0.393885300884 0.33438868468
0.272068860922 0.394036992807 0.333894146272
0.272413588087 0.394184097851 0.333402314063
0.272760173263 0.394326628359 0.332913198378
0.273108593718 0.394464596976 0.332426809306
0.273458826659 0.394598016642 0.331943156699
0.27381084923 0.394726900593 0.331462250176
0.274164638514 0.394851262357 0.330984099128
0.274520171535 0.394971115749 0.330508712716
0.274877425257 0.395086474871 0.330036099872
0.275236376585 0.395197354107 0.329566269308
0.275597002369 0.395303768122 0.329099229509
0.2759592794 0.395405731857 0.328634988743
0.276323184414 0.395503260528 0.328173555058
0.276688694094 0.395596369621 0.327714936285
0.277055785068 0.395685074891 0.327259140041
0.277424433912 0.395769392358 0.326806173731
0.277794617149 0.395849338302 0.326356044549
0.278166311253 0.395924929266 0.325908759482
0.278539492648 0.395996182045 0.325464325307
0.27891413771 0.39606311369 0.325022748601
0.279290222766 0.3961257415 0.324584035734
0.2796677241 0.396184083022 0.324148192878
0.280046617948 0.396238156046 0.323715226006
0.280426880503 0.396287978604 0.323285140893
0.280808487916 0.396333568965 0.322857943119
0.281191416296 0.396374945633 0.322433638072
0.281575641711 0.396412127342 0.322012230948
0.28196114019 0.396445133056 0.321593726753
0.282347887727 0.396473981966 0.321178130308
0.282735860275 0.396498693481 0.320765446245
0.283125033754 0.396519287232 0.320355679014
0.283515384051 0.396535783066 0.319948832882
0.283906887019 0.396548201043 0.319544911938
