24 9 27 0.000576293331224
15 27 18 0.000597312322493
1 59 0 0.000518034490428
21 3 36 0.000538706957448
26 2 32 0.000588226360032
28 10 22 0.00057788496369
5 38 17 0.000498688979294
20 10 30 0.000567932192157
11 40 9 0.000465294284403
7 29 24 0.000563439276973
15 33 12 0.000546726531298
29 26 5 0.000561048821157
10 11 39 0.000477498435273
2 33 25 0.000583686849508
2 42 16 0.000495347908903
31 27 2 0.000591497111978
30 11 19 0.00057059401282
9 22 29 0.000569998719715
5 15 40 0.000475193799381
24 30 6 0.000558212941977
8 4 48 0.000379415766803
14 26 20 0.000599917880717
36 15 9 0.000513508110547
20 32 8 0.000550001670772
27 8 25 0.000571548093182
3 19 38 0.00051918527119
7 38 15 0.000492102347195
4 53 3 0.000339990113993
8 16 36 0.000513625240855
4 28 28 0.000564695427811
22 20 18 0.000618232740386
4 27 29 0.000564064666008
4 54 2 0.000345614053259
19 28 13 0.000587904261256
23 27 10 0.000581049081881
2 55 3 0.000343377513917
2 32 26 0.000588226360032
13 1 46 0.00048585847447
21 14 25 0.000603091017132
41 14 5 0.000462688733129
10 34 16 0.000535133560842
28 29 3 0.000573094946374
11 12 37 0.000501914704779
24 29 7 0.000563439276973
43 15 2 0.000481793851003
10 30 20 0.000567932192157
15 25 20 0.000606046935916
18 11 31 0.000563350221647
29 8 23 0.000566517703157
17 8 35 0.000524024255459
6 25 29 0.000561326032631
9 37 14 0.000502091716183
37 11 12 0.000501914704779
2 46 12 0.000439466945027
57 0 3 0.000472067807554
8 27 25 0.000571548093182
29 28 3 0.000573094946374
17 23 20 0.00061527433194
1 5 54 0.000376584228843
16 25 19 0.000608054593057
31 25 4 0.000559052024715
11 49 0 0.000577577412196
11 6 43 0.000432035856162
5 8 47 0.000385449128184
25 5 30 0.000558551095357
10 45 5 0.000410563857799
28 27 5 0.000562303307602
0 10 50 0.000558882190036
6 24 30 0.000558212941977
17 37 6 0.000505573889982
43 0 17 0.000690632698311
50 2 8 0.000384523914961
4 25 31 0.000559052024715
6 18 36 0.000515949173091
23 25 12 0.000594636992935
48 1 11 0.000455005153111
4 44 12 0.000431349703568
12 0 48 0.000596634336102
39 5 16 0.00048723137665
3 42 15 0.000471212939884
25 19 16 0.000608054593057
6 46 8 0.000394128000967
34 9 17 0.000534309679581
33 25 2 0.000583686849508
9 0 51 0.000540788525529
4 32 24 0.000554714471559
26 6 28 0.000563205272437
17 10 33 0.00054475886607
28 20 12 0.00058513062186
0 25 35 0.000799937494985
57 2 1 0.000373898666741
12 41 7 0.000455032512107
7 24 29 0.000563439276973
39 14 7 0.000480132083066
29 30 1 0.000644598993328
15 34 11 0.000535861017312
10 15 35 0.000524714144684
22 36 2 0.000562897480566
12 45 3 0.000430776639063
13 15 32 0.000557125584217
8 19 33 0.00054230015282
5 10 45 0.000410563857799
53 7 0 0.000507639277123
34 8 18 0.000533613397403
14 34 12 0.000536349975984
21 16 23 0.000613089417709
1 21 38 0.000596129646217
19 0 41 0.000724583462662
16 36 8 0.000513625240855
6 6 48 0.000372188153326
23 37 0 0.000780130337846
20 1 39 0.000584780420163
21 31 8 0.000556645045176
13 5 42 0.000449836829755
2 9 49 0.000397579514036
37 16 7 0.000503520406582
30 13 17 0.000574518286348
30 6 24 0.000558212941977
10 38 12 0.000489858926854
22 35 3 0.00054703893668
13 32 15 0.000557125584217
34 21 5 0.000536736834183
43 11 6 0.000432035856162
9 2 49 0.000397579514036
32 24 4 0.000554714471559
9 39 12 0.000477841915704
20 14 26 0.000599917880717
4 30 26 0.000562177966124
20 9 31 0.000558920375004
35 9 16 0.000524284544741
29 0 31 0.000820418017588
17 19 24 0.000612777218961
0 2 58 0.000481572115707
51 4 5 0.000348420109833
30 12 18 0.000572833115344
0 32 28 0.000817820521541
20 24 16 0.00061119221221
11 2 47 0.000425247956462
8 17 35 0.000524024255459
5 12 43 0.000436768161023
34 20 6 0.00053414903673
6 43 11 0.000432035856162
5 43 12 0.000436768161023
42 10 8 0.000440682063633
25 32 3 0.000565485562125
36 14 10 0.000513611204695
38 13 9 0.000490157910944
4 33 23 0.000549203580748
4 29 27 0.000564064666008
36 24 0 0.00079077667923
22 25 13 0.00059925571499
20 7 33 0.000541563717313
1 12 47 0.000470390572843
22 15 23 0.000609861242306
37 18 5 0.000509461743506
0 59 1 0.000518034490428
41 4 15 0.000470617386893
31 7 22 0.000554785832172
17 16 27 0.000598219286947
25 15 20 0.000606046935916
24 23 13 0.000600539275794
6 22 32 0.000548409201255
15 19 26 0.000602275177782
19 41 0 0.000724583462662
33 10 17 0.00054475886607
38 12 10 0.000489858926854
28 24 8 0.000569654303715
49 3 8 0.000377801164992
16 33 11 0.000545892195496
7 19 34 0.000533385575385
10 10 40 0.000465039644211
7 28 25 0.000565946301449
7 37 16 0.000503520406582
8 20 32 0.000550001670772
29 2 29 0.000594130761983
13 39 8 0.000478638959343
10 3 47 0.000403607001432
2 41 17 0.000508422014232
48 12 0 0.000596634336102
31 19 10 0.000561240961747
30 3 27 0.000571817425947
38 15 7 0.000492102347195
35 1 24 0.000623793059998
14 10 36 0.000513611204695
5 14 41 0.000462688733129
1 49 10 0.000439869993691
5 7 48 0.000373883418934
24 22 14 0.000605008670315
10 44 6 0.000419094260354
21 20 19 0.000620024731277
44 14 2 0.00046787785258
26 0 34 0.000807537834977
7 46 7 0.000392997219042
20 2 38 0.000543676659051
29 7 24 0.000563439276973
27 23 10 0.000581049081881
5 17 38 0.000498688979294
20 5 35 0.000528571188991
1 16 43 0.00053128655342
1 14 45 0.000501256623742
2 40 18 0.000520904307398
13 9 38 0.000490157910944
37 20 3 0.00052939568825
2 18 40 0.000520904307398
41 6 13 0.000457900975492
10 33 17 0.00054475886607
53 1 6 0.000386369230522
13 36 11 0.000513742592469
24 21 15 0.00060858507757
46 11 3 0.000417114121438
15 17 28 0.000591215071466
19 39 2 0.000532689007384
17 24 19 0.000612777218961
25 7 28 0.000565946301449
0 3 57 0.000472067807554
5 48 7 0.000373883418934
16 26 18 0.000603713170637
14 15 31 0.00056690063487
35 5 20 0.000528571188991
19 30 11 0.00057059401282
25 17 18 0.000609069388139
29 4 27 0.000564064666008
2 53 5 0.000352159833508
16 23 21 0.000613089417709
31 15 14 0.00056690063487
48 10 2 0.000411225549409
31 17 12 0.000565069647464
0 56 4 0.000473881568417
10 32 18 0.000553490763168
33 9 18 0.000543482679964
11 14 35 0.000525103680786
31 6 23 0.000553894267806
42 14 4 0.000457792403926
21 22 17 0.000616530447443
32 20 8 0.000550001670772
3 41 16 0.000484072500847
41 17 2 0.000508422014232
8 32 20 0.000550001670772
18 12 30 0.000572833115344
36 10 14 0.000513611204695
6 26 28 0.000563205272437
1 18 41 0.000559440397503
2 52 6 0.000361360418101
16 22 22 0.000613724258099
48 9 3 0.000390432381229
37 22 1 0.000606470645494
1 47 12 0.000470390572843
39 13 8 0.000478638959343
23 22 15 0.000609861242306
13 38 9 0.000490157910944
6 45 9 0.000406384681257
4 12 44 0.000431349703568
31 8 21 0.000556645045176
2 29 29 0.000594130761983
33 1 26 0.00063616965736
4 56 0 0.000473881568417
17 4 39 0.000494870083604
12 34 14 0.000536349975984
11 20 29 0.000576745146519
38 8 14 0.000490815596489
0 23 37 0.000780130337846
0 1 59 0.000518034490428
5 50 5 0.000354655431723
0 44 16 0.00067257173668
35 3 22 0.00054703893668
9 40 11 0.000465294284403
16 21 23 0.000613089417709
0 12 48 0.000596634336102
54 4 2 0.000345614053259
26 1 33 0.00063616965736
28 32 0 0.000817820521541
34 7 19 0.000533385575385
3 4 53 0.000339990113993
16 41 3 0.000484072500847
14 30 16 0.000575562514854
5 28 27 0.000562303307602
3 39 18 0.000508163523847
20 6 34 0.00053414903673
25 8 27 0.000571548093182
0 0 60 0.000672927508895
2 3 55 0.000343377513917
40 16 4 0.000483014315787
27 19 14 0.000595523628638
16 44 0 0.00067257173668
1 43 16 0.00053128655342
7 26 27 0.000567205618363
39 8 13 0.000478638959343
1 56 3 0.000367461057285
10 13 37 0.000501947385234
2 35 23 0.000570968029697
41 19 0 0.000724583462662
13 13 34 0.000536521423079
15 11 34 0.000535861017312
30 30 0 0.000821286248119
7 45 8 0.000404493816949
53 5 2 0.000352159833508
13 40 7 0.000467731273606
38 11 11 0.000489774401922
33 21 6 0.000541807496111
14 7 39 0.000480132083066
17 6 37 0.000505573889982
19 35 6 0.000525503361058
29 10 21 0.000573498390044
0 21 39 0.000754738932243
16 43 1 0.00053128655342
5 52 3 0.000346374006092
6 4 50 0.000357258223823
18 29 13 0.000581753357221
19 26 15 0.000602275177782
9 42 9 0.000440213838911
14 44 2 0.00046787785258
0 16 44 0.00067257173668
13 3 44 0.000444439223787
18 2 40 0.000520904307398
30 4 26 0.000562177966124
28 6 26 0.000563205272437
20 16 24 0.00061119221221
11 10 39 0.000477498435273
38 2 20 0.000543676659051
24 16 20 0.00061119221221
42 9 9 0.000440213838911
4 43 13 0.000444660026359
18 13 29 0.000581753357221
32 15 13 0.000557125584217
25 28 7 0.000565946301449
3 37 20 0.00052939568825
40 4 16 0.000483014315787
25 10 25 0.000583598958715
10 23 27 0.000581049081881
8 47 5 0.000385449128184
16 42 2 0.000495347908903
33 17 10 0.00054475886607
36 16 8 0.000513625240855
5 5 50 0.000354655431723
1 7 52 0.000398085617614
51 6 3 0.000355326542624
6 7 47 0.000382603299343
12 12 36 0.000513797505382
13 42 5 0.000449836829755
6 41 13 0.000457900975492
52 4 4 0.000342124459796
31 12 17 0.000565069647464
46 6 8 0.000394128000967
42 8 10 0.000440682063633
4 42 14 0.000457792403926
13 31 16 0.000566278233658
14 27 19 0.000595523628638
40 3 17 0.000496425389375
17 39 4 0.000494870083604
8 46 6 0.000394128000967
36 13 11 0.000513742592469
5 54 1 0.000376584228843
48 2 10 0.000411225549409
3 53 4 0.000339990113993
22 34 4 0.00054256788204
5 24 31 0.000554832508077
1 33 26 0.00063616965736
54 0 6 0.000493456285536
30 27 3 0.000571817425947
11 8 41 0.000453414475786
49 0 11 0.000577577412196
6 40 14 0.000470520169659
24 14 22 0.000605008670315
3 15 42 0.000471212939884
4 41 15 0.000470617386893
32 19 9 0.000551712985417
32 13 15 0.000557125584217
25 30 5 0.000558551095357
27 33 0 0.000813515266876
40 2 18 0.000520904307398
8 45 7 0.000404493816949
27 31 2 0.000591497111978
2 27 31 0.000591497111978
39 12 9 0.000477841915704
1 24 35 0.000623793059998
23 11 26 0.000588081747586
22 27 11 0.000585532967493
21 27 12 0.000589536586579
30 1 29 0.000644598993328
3 35 22 0.00054703893668
10 50 0 0.000558882190036
17 26 17 0.000604196392016
32 2 26 0.000588226360032
24 13 23 0.000600539275794
55 0 5 0.000481789016038
32 18 10 0.000553490763168
6 5 49 0.000363438071327
15 37 8 0.000502518420415
18 27 15 0.000597312322493
7 40 13 0.000467731273606
10 41 9 0.000452685505882
40 1 19 0.00057251691181
7 7 46 0.000392997219042
0 11 49 0.000577577412196
20 15 25 0.000606046935916
29 12 19 0.000579543525933
1 53 6 0.000386369230522
27 16 17 0.000598219286947
38 0 22 0.000768085194696
30 15 15 0.000575915999366
21 0 39 0.000754738932243
30 0 30 0.000821286248119
16 2 42 0.000495347908903
11 1 48 0.000455005153111
24 15 21 0.00060858507757
49 2 9 0.000397579514036
10 27 23 0.000581049081881
3 13 44 0.000444439223787
4 47 9 0.000391839926085
23 21 16 0.000613089417709
10 12 38 0.000489858926854
43 16 1 0.00053128655342
27 29 4 0.000564064666008
13 21 26 0.00059670199104
11 19 30 0.00057059401282
6 34 20 0.00053414903673
1 26 33 0.00063616965736
48 4 8 0.000379415766803
1 3 56 0.000367461057285
48 7 5 0.000373883418934
0 42 18 0.000708016814567
51 2 7 0.000372328832234
30 2 28 0.000593470924499
14 11 35 0.000525103680786
39 21 0 0.000754738932243
23 30 7 0.000559707654648
13 46 1 0.00048585847447
25 3 32 0.000565485562125
4 4 52 0.000342124459796
31 0 29 0.000820418017588
4 46 10 0.000404772750137
9 16 35 0.000524284544741
4 48 8 0.000379415766803
19 12 29 0.000579543525933
11 28 21 0.000581741494327
17 35 8 0.000524024255459
24 36 0 0.00079077667923
28 4 28 0.000564695427811
0 9 51 0.000540788525529
2 2 56 0.000349138531125
29 14 17 0.000583277471058
16 16 28 0.000591639193906
48 6 6 0.000372188153326
31 5 24 0.000554832508077
0 52 8 0.000523584874616
21 2 37 0.000553774587906
0 39 21 0.000754738932243
0 46 14 0.000635017886853
31 10 19 0.000561240961747
3 11 46 0.000417114121438
44 1 15 0.000516443688638
4 45 11 0.000418002012485
14 29 17 0.000583277471058
14 22 24 0.000605008670315
11 22 27 0.000585532967493
43 4 13 0.000444660026359
16 28 16 0.000591639193906
27 27 6 0.000563833588954
23 35 2 0.000570968029697
2 31 27 0.000591497111978
17 32 11 0.000555087730158
10 5 45 0.000410563857799
48 5 7 0.000373883418934
1 19 40 0.00057251691181
0 51 9 0.000540788525529
5 39 16 0.00048723137665
30 29 1 0.000644598993328
0 45 15 0.00065398171375
19 25 16 0.000608054593057
34 5 21 0.000536736834183
55 4 1 0.000369686093265
3 6 51 0.000355326542624
9 25 26 0.000577564346527
9 18 33 0.000543482679964
14 28 18 0.00058995627968
18 31 11 0.000563350221647
7 44 9 0.00041670467739
35 13 12 0.000525327868788
45 0 15 0.00065398171375
8 40 12 0.000466122480142
39 3 18 0.000508163523847
26 26 8 0.000572181333105
44 2 14 0.00046787785258
39 10 11 0.000477498435273
35 25 0 0.000799937494985
5 30 25 0.000558551095357
22 29 9 0.000569998719715
22 33 5 0.00054387644544
0 50 10 0.000558882190036
21 4 35 0.000534865688674
30 28 2 0.000593470924499
53 3 4 0.000339990113993
38 10 12 0.000489858926854
34 4 22 0.00054256788204
10 31 19 0.000561240961747
31 11 18 0.000563350221647
12 3 45 0.000430776639063
19 1 40 0.00057251691181
17 13 30 0.000574518286348
25 20 15 0.000606046935916
15 7 38 0.000492102347195
17 21 22 0.000616530447443
8 39 13 0.000478638959343
13 25 22 0.00059925571499
23 33 4 0.000549203580748
17 34 9 0.000534309679581
22 28 10 0.00057788496369
12 40 8 0.000466122480142
18 0 42 0.000708016814567
12 2 46 0.000439466945027
13 44 3 0.000444439223787
15 1 44 0.000516443688638
19 23 18 0.000616376538476
2 10 48 0.000411225549409
0 48 12 0.000596634336102
24 7 29 0.000563439276973
31 4 25 0.000559052024715
12 5 43 0.000436768161023
14 19 27 0.000595523628638
43 13 4 0.000444660026359
25 1 34 0.000630629627707
16 39 5 0.00048723137665
7 0 53 0.000507639277123
45 1 14 0.000501256623742
7 35 18 0.0005242606635
0 40 20 0.000740199339251
7 53 0 0.000507639277123
36 20 4 0.000526164563267
0 6 54 0.000493456285536
51 8 1 0.000411152021077
16 19 25 0.000608054593057
11 39 10 0.000477498435273
1 41 18 0.000559440397503
21 6 33 0.000541807496111
30 19 11 0.00057059401282
49 8 3 0.000377801164992
24 6 30 0.000558212941977
20 23 17 0.00061527433194
32 27 1 0.000640366337092
14 25 21 0.000603091017132
20 8 32 0.000550001670772
25 22 13 0.00059925571499
38 3 19 0.00051918527119
11 18 31 0.000563350221647
16 38 6 0.000494473283901
27 7 26 0.000567205618363
21 30 9 0.000565035203114
37 8 15 0.000502518420415
20 27 13 0.000592904844502
30 25 5 0.000558551095357
17 20 23 0.00061527433194
10 49 1 0.000439869993691
4 14 42 0.000457792403926
9 33 18 0.000543482679964
24 5 31 0.000554832508077
15 31 14 0.00056690063487
3 2 55 0.000343377513917
3 24 33 0.000560486469349
14 24 22 0.000605008670315
5 26 29 0.000561048821157
16 37 7 0.000503520406582
7 15 38 0.000492102347195
15 22 23 0.000609861242306
26 30 4 0.000562177966124
7 33 20 0.000541563717313
44 0 16 0.00067257173668
35 21 4 0.000534865688674
19 14 27 0.000595523628638
2 37 21 0.000553774587906
48 0 12 0.000596634336102
11 37 12 0.000501914704779
8 9 43 0.000428118760096
6 30 24 0.000558212941977
30 24 6 0.000558212941977
14 14 32 0.000557395520244
10 48 2 0.000411225549409
49 10 1 0.000439869993691
33 23 4 0.000549203580748
55 2 3 0.000343377513917
10 19 31 0.000561240961747
10 28 22 0.00057788496369
31 22 7 0.000554785832172
32 25 3 0.000565485562125
18 6 36 0.000515949173091
7 42 11 0.000442181806539
12 28 20 0.00058513062186
3 57 0 0.000472067807554
10 4 46 0.000404772750137
15 24 21 0.00060858507757
18 1 41 0.000559440397503
13 29 18 0.000581753357221
45 15 0 0.00065398171375
1 20 39 0.000584780420163
6 42 12 0.000445024944313
1 2 57 0.000373898666741
2 36 22 0.000562897480566
28 15 17 0.000591215071466
9 7 44 0.00041670467739
20 25 15 0.000606046935916
18 18 24 0.000613308980689
17 22 21 0.000616530447443
19 19 22 0.00061880325113
23 6 31 0.000553894267806
26 31 3 0.000569273557353
42 11 7 0.000442181806539
31 24 5 0.000554832508077
14 36 10 0.000513611204695
12 9 39 0.000477841915704
26 8 26 0.000572181333105
37 15 8 0.000502518420415
0 7 53 0.000507639277123
7 4 49 0.00036776787047
13 19 28 0.000587904261256
45 5 10 0.000410563857799
0 4 56 0.000473881568417
35 19 6 0.000525503361058
11 35 14 0.000525103680786
0 60 0 0.000672927508895
26 22 12 0.000592716196383
28 5 27 0.000562303307602
23 24 13 0.000600539275794
43 9 8 0.000428118760096
31 2 27 0.000591497111978
18 14 28 0.00058995627968
3 20 37 0.00052939568825
14 21 25 0.000603091017132
6 19 35 0.000525503361058
3 55 2 0.000343377513917
11 30 19 0.00057059401282
43 12 5 0.000436768161023
4 15 41 0.000470617386893
27 3 30 0.000571817425947
16 24 20 0.00061119221221
5 37 18 0.000509461743506
24 3 33 0.000560486469349
1 22 37 0.000606470645494
6 27 27 0.000563833588954
37 12 11 0.000501914704779
20 31 9 0.000558920375004
30 21 9 0.000565035203114
15 45 0 0.00065398171375
33 5 22 0.00054387644544
2 45 13 0.000453724638536
12 15 33 0.000546726531298
14 20 26 0.000599917880717
43 6 11 0.000432035856162
22 18 20 0.000618232740386
5 40 15 0.000475193799381
1 38 21 0.000596129646217
0 5 55 0.000481789016038
33 12 15 0.000546726531298
26 25 9 0.000577564346527
17 9 34 0.000534309679581
8 10 42 0.000440682063633
5 29 26 0.000561048821157
6 20 34 0.00053414903673
9 44 7 0.00041670467739
19 10 31 0.000561240961747
24 20 16 0.00061119221221
22 14 24 0.000605008670315
14 0 46 0.000635017886853
0 58 2 0.000481572115707
30 20 10 0.000567932192157
52 3 5 0.000346374006092
33 19 8 0.00054230015282
24 0 36 0.00079077667923
3 8 49 0.000377801164992
3 1 56 0.000367461057285
41 9 10 0.000452685505882
2 50 8 0.000384523914961
25 12 23 0.000594636992935
47 7 6 0.000382603299343
40 20 0 0.000740199339251
16 32 12 0.000556335751302
15 28 17 0.000591215071466
26 24 10 0.000582959937935
41 0 19 0.000724583462662
2 28 30 0.000593470924499
24 19 17 0.000612777218961
37 14 9 0.000502091716183
1 55 4 0.000369686093265
18 8 34 0.000533613397403
12 10 38 0.000489858926854
5 49 6 0.000363438071327
55 5 0 0.000481789016038
52 2 6 0.000361360418101
10 29 21 0.000573498390044
42 15 3 0.000471212939884
31 28 1 0.000643184095371
12 13 35 0.000525327868788
18 28 14 0.00058995627968
26 34 0 0.000807537834977
5 42 13 0.000449836829755
0 27 33 0.000813515266876
33 14 13 0.000547166402343
23 9 28 0.000573763413236
45 9 6 0.000406384681257
4 31 25 0.000559052024715
9 46 5 0.000397766746838
24 18 18 0.000613308980689
12 36 12 0.000513797505382
51 0 9 0.000540788525529
11 47 2 0.000425247956462
19 21 20 0.000620024731277
38 6 16 0.000494473283901
23 28 9 0.000573763413236
1 15 44 0.000516443688638
52 1 7 0.000398085617614
23 29 8 0.000566517703157
5 47 8 0.000385449128184
32 3 25 0.000565485562125
14 17 29 0.000583277471058
20 0 40 0.000740199339251
25 14 21 0.000603091017132
3 51 6 0.000355326542624
11 26 23 0.000588081747586
40 18 2 0.000520904307398
13 0 47 0.000615843998012
7 2 51 0.000372328832234
27 15 18 0.000597312322493
41 2 17 0.000508422014232
10 7 43 0.000429342904055
3 49 8 0.000377801164992
4 2 54 0.000345614053259
1 8 51 0.000411152021077
0 47 13 0.000615843998012
48 3 9 0.000390432381229
22 11 27 0.000585532967493
21 11 28 0.000581741494327
0 41 19 0.000724583462662
30 17 13 0.000574518286348
10 2 48 0.000411225549409
11 32 17 0.000555087730158
14 16 30 0.000575562514854
14 31 15 0.00056690063487
6 21 33 0.000541807496111
43 2 15 0.000481793851003
40 17 3 0.000496425389375
33 18 9 0.000543482679964
9 5 46 0.000397766746838
31 21 8 0.000556645045176
6 16 38 0.000494473283901
22 38 0 0.000768085194696
25 25 10 0.000583598958715
10 47 3 0.000403607001432
1 37 22 0.000606470645494
11 45 4 0.000418002012485
30 16 14 0.000575562514854
14 6 40 0.000470520169659
49 4 7 0.00036776787047
11 17 32 0.000555087730158
5 44 11 0.000423624580479
32 23 5 0.000549926340121
1 44 15 0.000516443688638
32 1 27 0.000640366337092
23 19 18 0.000616376538476
13 2 45 0.000453724638536
15 16 29 0.000584054427249
3 31 26 0.000569273557353
15 44 1 0.000516443688638
27 13 20 0.000592904844502
17 40 3 0.000496425389375
15 3 42 0.000471212939884
58 1 1 0.000400921212213
6 50 4 0.000357258223823
1 10 49 0.000439869993691
1 51 8 0.000411152021077
12 14 34 0.000536349975984
35 4 21 0.000534865688674
14 12 34 0.000536349975984
2 11 47 0.000425247956462
1 57 2 0.000373898666741
15 39 6 0.000482751300565
23 14 23 0.0006056501852
52 6 2 0.000361360418101
32 22 6 0.000548409201255
31 16 13 0.000566278233658
15 21 24 0.00060858507757
17 15 28 0.000591215071466
10 25 25 0.000583598958715
29 27 4 0.000564064666008
46 10 4 0.000404772750137
5 46 9 0.000397766746838
37 7 16 0.000503520406582
15 26 19 0.000602275177782
13 27 20 0.000592904844502
12 19 29 0.000579543525933
58 0 2 0.000481572115707
27 20 13 0.000592904844502
8 29 23 0.000566517703157
15 9 36 0.000513508110547
7 23 30 0.000559707654648
0 36 24 0.00079077667923
20 17 23 0.00061527433194
49 6 5 0.000363438071327
2 8 50 0.000384523914961
52 5 3 0.000346374006092
1 48 11 0.000455005153111
18 15 27 0.000597312322493
31 26 3 0.000569273557353
32 21 7 0.000548719190895
1 46 13 0.00048585847447
18 22 20 0.000618232740386
23 17 20 0.00061527433194
10 1 49 0.000439869993691
4 3 53 0.000339990113993
13 4 43 0.000444660026359
45 3 12 0.000430776639063
11 16 33 0.000545892195496
19 36 5 0.000519452341439
6 38 16 0.000494473283901
9 43 8 0.000428118760096
23 5 32 0.000549926340121
4 6 50 0.000357258223823
2 43 15 0.000481793851003
24 17 19 0.000612777218961
0 35 25 0.000799937494985
39 17 4 0.000494870083604
23 26 11 0.000588081747586
20 30 10 0.000567932192157
10 6 44 0.000419094260354
3 22 35 0.00054703893668
2 26 32 0.000588226360032
6 17 37 0.000505573889982
24 1 35 0.000623793059998
3 47 10 0.000403607001432
43 14 3 0.000457961301012
22 26 12 0.000592716196383
4 20 36 0.000526164563267
26 10 24 0.000582959937935
16 35 9 0.000524284544741
1 29 30 0.000644598993328
9 36 15 0.000513508110547
50 1 9 0.000425176279456
22 13 25 0.00059925571499
0 34 26 0.000807537834977
52 7 1 0.000398085617614
37 1 22 0.000606470645494
1 50 9 0.000425176279456
3 0 57 0.000472067807554
2 16 42 0.000495347908903
6 15 39 0.000482751300565
21 9 30 0.000565035203114
17 29 14 0.000583277471058
25 4 31 0.000559052024715
4 1 55 0.000369686093265
13 6 41 0.000457900975492
9 15 36 0.000513508110547
36 12 12 0.000513797505382
15 20 25 0.000606046935916
3 27 30 0.000571817425947
37 13 10 0.000501947385234
14 13 33 0.000547166402343
17 36 7 0.000514274201223
19 13 28 0.000587904261256
22 12 26 0.000592716196383
54 3 3 0.000337791784896
0 55 5 0.000481789016038
0 33 27 0.000813515266876
14 8 38 0.000490815596489
2 15 43 0.000481793851003
3 28 29 0.000573094946374
9 8 43 0.000428118760096
10 21 29 0.000573498390044
9 29 22 0.000569998719715
31 20 9 0.000558920375004
27 21 12 0.000589536586579
32 12 16 0.000556335751302
20 33 7 0.000541563717313
19 9 32 0.000551712985417
32 0 28 0.000817820521541
33 24 3 0.000560486469349
18 3 39 0.000508163523847
7 16 37 0.000503520406582
12 23 25 0.000594636992935
3 36 21 0.000538706957448
7 51 2 0.000372328832234
6 35 19 0.000525503361058
9 38 13 0.000490157910944
5 19 36 0.000519452341439
21 33 6 0.000541807496111
13 7 40 0.000467731273606
0 54 6 0.000493456285536
38 5 17 0.000498688979294
23 13 24 0.000600539275794
14 42 4 0.000457792403926
21 24 15 0.00060858507757
10 20 30 0.000567932192157
18 17 25 0.000609069388139
18 26 16 0.000603713170637
47 11 2 0.000425247956462
16 34 10 0.000535133560842
25 6 29 0.000561326032631
26 32 2 0.000588226360032
4 7 49 0.00036776787047
13 8 39 0.000478638959343
12 22 26 0.000592716196383
17 38 5 0.000498688979294
18 9 33 0.000543482679964
0 53 7 0.000507639277123
28 14 18 0.00058995627968
20 11 29 0.000576745146519
2 34 24 0.00057791759599
28 16 16 0.000591639193906
9 49 2 0.000397579514036
9 10 41 0.000452685505882
42 12 6 0.000445024944313
32 16 12 0.000556335751302
18 16 26 0.000603713170637
3 18 39 0.000508163523847
8 28 24 0.000569654303715
8 50 2 0.000384523914961
10 24 26 0.000582959937935
43 10 7 0.000429342904055
33 26 1 0.00063616965736
12 47 1 0.000470390572843
12 21 27 0.000589536586579
7 49 4 0.00036776787047
14 3 43 0.000457961301012
21 18 21 0.000618854081602
32 14 14 0.000557395520244
57 3 0 0.000472067807554
8 15 37 0.000502518420415
2 17 41 0.000508422014232
18 30 12 0.000572833115344
29 31 0 0.000820418017588
10 0 50 0.000558882190036
37 5 18 0.000509461743506
21 26 13 0.00059670199104
33 7 20 0.000541563717313
21 39 0 0.000754738932243
32 9 19 0.000551712985417
47 9 4 0.000391839926085
4 5 51 0.000348420109833
13 10 37 0.000501947385234
9 11 40 0.000465294284403
26 27 7 0.000567205618363
14 9 37 0.000502091716183
12 37 11 0.000501914704779
1 4 55 0.000369686093265
11 31 18 0.000563350221647
5 33 22 0.00054387644544
22 8 30 0.000562167683825
15 15 30 0.000575915999366
9 47 4 0.000391839926085
29 21 10 0.000573498390044
14 4 42 0.000457792403926
14 39 7 0.000480132083066
8 48 4 0.000379415766803
39 19 2 0.000532689007384
8 26 26 0.000572181333105
16 15 29 0.000584054427249
19 5 36 0.000519452341439
24 4 32 0.000554714471559
7 11 42 0.000442181806539
15 18 27 0.000597312322493
18 7 35 0.0005242606635
7 20 33 0.000541563717313
35 15 10 0.000524714144684
12 27 21 0.000589536586579
50 10 0 0.000558882190036
27 9 24 0.000576293331224
21 37 2 0.000553774587906
27 28 5 0.000562303307602
12 35 13 0.000525327868788
8 13 39 0.000478638959343
7 31 22 0.000554785832172
35 6 19 0.000525503361058
6 23 31 0.000553894267806
38 1 21 0.000596129646217
6 9 45 0.000406384681257
23 8 29 0.000566517703157
21 28 11 0.000581741494327
31 18 11 0.000563350221647
29 23 8 0.000566517703157
8 25 27 0.000571548093182
2 12 46 0.000439466945027
16 14 30 0.000575562514854
13 12 35 0.000525327868788
42 3 15 0.000471212939884
45 11 4 0.000418002012485
12 26 22 0.000592716196383
6 37 17 0.000505573889982
1 6 53 0.000386369230522
10 8 42 0.000440682063633
27 22 11 0.000585532967493
30 22 8 0.000562167683825
15 8 37 0.000502518420415
39 7 14 0.000480132083066
0 43 17 0.000690632698311
15 43 2 0.000481793851003
3 9 48 0.000390432381229
8 36 16 0.000513625240855
50 6 4 0.000357258223823
53 0 7 0.000507639277123
16 13 31 0.000566278233658
11 24 25 0.000589362493229
19 3 38 0.00051918527119
24 2 34 0.00057791759599
7 9 44 0.00041670467739
26 9 25 0.000577564346527
19 38 3 0.00051918527119
12 25 23 0.000594636992935
6 36 18 0.000515949173091
3 23 34 0.000554319763761
20 36 4 0.000526164563267
10 40 10 0.000465039644211
18 34 8 0.000533613397403
25 16 19 0.000608054593057
11 15 34 0.000535861017312
31 14 15 0.00056690063487
8 35 17 0.000524024255459
1 58 1 0.000400921212213
33 3 24 0.000560486469349
39 0 21 0.000754738932243
2 24 34 0.00057791759599
14 18 28 0.00058995627968
12 7 41 0.000455032512107
13 14 33 0.000547166402343
25 35 0 0.000799937494985
36 4 20 0.000526164563267
6 1 53 0.000386369230522
5 9 46 0.000397766746838
41 16 3 0.000484072500847
14 5 41 0.000462688733129
13 34 13 0.000536521423079
1 39 20 0.000584780420163
11 0 49 0.000577577412196
29 25 6 0.000561326032631
15 41 4 0.000470617386893
52 8 0 0.000523584874616
27 25 8 0.000571548093182
8 34 18 0.000533613397403
9 21 30 0.000565035203114
53 2 5 0.000352159833508
8 49 3 0.000377801164992
22 22 16 0.000613724258099
33 0 27 0.000813515266876
8 14 38 0.000490815596489
35 11 14 0.000525103680786
12 31 17 0.000565069647464
22 2 36 0.000562897480566
23 32 5 0.000549926340121
41 12 7 0.000455032512107
35 2 23 0.000570968029697
25 18 17 0.000609069388139
2 13 45 0.000453724638536
38 22 0 0.000768085194696
23 12 25 0.000594636992935
3 3 54 0.000337791784896
8 33 19 0.00054230015282
3 12 45 0.000430776639063
42 5 13 0.000449836829755
41 13 6 0.000457900975492
18 25 17 0.000609069388139
47 3 10 0.000403607001432
10 22 28 0.00057788496369
7 18 35 0.0005242606635
3 17 40 0.000496425389375
3 38 19 0.00051918527119
44 7 9 0.00041670467739
41 18 1 0.000559440397503
6 33 21 0.000541807496111
4 8 48 0.000379415766803
11 43 6 0.000432035856162
27 18 15 0.000597312322493
4 18 38 0.000506078605648
18 4 38 0.000506078605648
15 12 33 0.000546726531298
10 18 32 0.000553490763168
31 3 26 0.000569273557353
37 23 0 0.000780130337846
11 48 1 0.000455005153111
18 24 18 0.000613308980689
2 6 52 0.000361360418101
53 4 3 0.000339990113993
33 20 7 0.000541563717313
3 45 12 0.000430776639063
33 2 25 0.000583686849508
22 7 31 0.000554785832172
16 1 43 0.00053128655342
7 39 14 0.000480132083066
19 34 7 0.000533385575385
12 29 19 0.000579543525933
9 9 42 0.000440213838911
8 7 45 0.000404493816949
2 25 33 0.000583686849508
18 38 4 0.000506078605648
17 3 40 0.000496425389375
13 11 36 0.000513742592469
32 7 21 0.000548719190895
39 4 17 0.000494870083604
50 0 10 0.000558882190036
40 12 8 0.000466122480142
19 20 21 0.000620024731277
18 10 32 0.000553490763168
22 19 19 0.00061880325113
35 7 18 0.0005242606635
30 5 25 0.000558551095357
9 3 48 0.000390432381229
26 19 15 0.000602275177782
5 13 42 0.000449836829755
14 1 45 0.000501256623742
20 21 19 0.000620024731277
57 1 2 0.000373898666741
13 16 31 0.000566278233658
16 27 17 0.000598219286947
1 35 24 0.000623793059998
12 4 44 0.000431349703568
7 32 21 0.000548719190895
21 25 14 0.000603091017132
29 29 2 0.000594130761983
35 20 5 0.000528571188991
0 19 41 0.000724583462662
38 19 3 0.00051918527119
37 3 20 0.00052939568825
20 29 11 0.000576745146519
11 36 13 0.000513742592469
0 22 38 0.000768085194696
4 36 20 0.000526164563267
15 5 40 0.000475193799381
40 11 9 0.000465294284403
53 6 1 0.000386369230522
17 31 12 0.000565069647464
1 13 46 0.00048585847447
33 22 5 0.00054387644544
5 0 55 0.000481789016038
21 29 10 0.000573498390044
27 4 29 0.000564064666008
24 8 28 0.000569654303715
8 5 47 0.000385449128184
23 36 1 0.000615717503072
1 31 28 0.000643184095371
17 41 2 0.000508422014232
6 31 23 0.000553894267806
16 17 27 0.000598219286947
8 2 50 0.000384523914961
1 32 27 0.000640366337092
9 31 20 0.000558920375004
32 5 23 0.000549926340121
3 43 14 0.000457961301012
40 10 10 0.000465039644211
1 27 32 0.000640366337092
10 17 33 0.00054475886607
4 19 37 0.000516540749585
18 5 37 0.000509461743506
22 24 14 0.000605008670315
3 34 23 0.000554319763761
44 11 5 0.000423624580479
23 3 34 0.000554319763761
6 54 0 0.000493456285536
3 29 28 0.000573094946374
27 30 3 0.000571817425947
4 22 34 0.00054256788204
13 18 29 0.000581753357221
56 0 4 0.000473881568417
15 0 45 0.00065398171375
21 23 16 0.000613089417709
38 7 15 0.000492102347195
17 27 16 0.000598219286947
23 10 27 0.000581049081881
28 28 4 0.000564695427811
34 3 23 0.000554319763761
18 19 23 0.000616376538476
1 17 42 0.000545658867504
46 14 0 0.000635017886853
31 13 16 0.000566278233658
21 17 22 0.000616530447443
13 23 24 0.000600539275794
8 8 44 0.000415957532029
25 27 8 0.000571548093182
44 10 6 0.000419094260354
5 2 53 0.000352159833508
25 34 1 0.000630629627707
5 55 0 0.000481789016038
15 10 35 0.000524714144684
20 28 12 0.00058513062186
18 33 9 0.000543482679964
42 4 14 0.000457792403926
18 42 0 0.000708016814567
20 22 18 0.000618232740386
1 52 7 0.000398085617614
37 17 6 0.000505573889982
1 34 25 0.000630629627707
3 16 41 0.000484072500847
2 0 58 0.000481572115707
1 11 48 0.000455005153111
13 33 14 0.000547166402343
4 10 46 0.000404772750137
2 54 4 0.000345614053259
43 8 9 0.000428118760096
4 17 39 0.000494870083604
26 23 11 0.000588081747586
19 40 1 0.00057251691181
44 9 7 0.00041670467739
22 10 28 0.00057788496369
28 0 32 0.000817820521541
13 20 27 0.000592904844502
2 19 39 0.000532689007384
7 36 17 0.000514274201223
18 32 10 0.000553490763168
29 1 30 0.000644598993328
28 13 19 0.000587904261256
10 42 8 0.000440682063633
52 0 8 0.000523584874616
32 6 22 0.000548409201255
39 2 19 0.000532689007384
17 11 32 0.000555087730158
22 21 17 0.000616530447443
34 19 7 0.000533385575385
25 33 2 0.000583686849508
33 8 19 0.00054230015282
26 29 5 0.000561048821157
8 6 46 0.000394128000967
12 46 2 0.000439466945027
5 4 51 0.000348420109833
29 15 16 0.000584054427249
6 51 3 0.000355326542624
5 35 20 0.000528571188991
42 2 16 0.000495347908903
32 4 24 0.000554714471559
17 5 38 0.000498688979294
20 3 37 0.00052939568825
11 7 42 0.000442181806539
3 32 25 0.000565485562125
4 51 5 0.000348420109833
1 54 5 0.000376584228843
27 17 16 0.000598219286947
28 11 21 0.000581741494327
21 8 31 0.000556645045176
9 27 24 0.000576293331224
41 5 14 0.000462688733129
18 37 5 0.000509461743506
17 17 26 0.000604196392016
0 49 11 0.000577577412196
12 32 16 0.000556335751302
4 23 33 0.000549203580748
26 28 6 0.000563205272437
6 14 40 0.000470520169659
4 13 43 0.000444660026359
34 18 8 0.000533613397403
4 0 56 0.000473881568417
43 17 0 0.000690632698311
27 26 7 0.000567205618363
13 22 25 0.00059925571499
23 34 3 0.000554319763761
0 37 23 0.000780130337846
15 4 41 0.000470617386893
19 33 8 0.00054230015282
32 26 2 0.000588226360032
38 20 2 0.000543676659051
9 12 39 0.000477841915704
3 14 43 0.000457961301012
9 1 50 0.000425176279456
18 23 19 0.000616376538476
50 9 1 0.000425176279456
13 47 0 0.000615843998012
21 21 18 0.000618854081602
9 24 27 0.000576293331224
24 32 4 0.000554714471559
3 40 17 0.000496425389375
7 47 6 0.000382603299343
6 39 15 0.000482751300565
5 6 49 0.000363438071327
48 11 1 0.000455005153111
34 11 15 0.000535861017312
11 25 24 0.000589362493229
10 43 7 0.000429342904055
11 5 44 0.000423624580479
16 4 40 0.000483014315787
6 10 44 0.000419094260354
14 46 0 0.000635017886853
10 16 34 0.000535133560842
37 21 2 0.000553774587906
21 10 29 0.000573498390044
50 8 2 0.000384523914961
13 37 10 0.000501947385234
6 32 22 0.000548409201255
32 28 0 0.000817820521541
7 6 47 0.000382603299343
0 20 40 0.000740199339251
4 21 35 0.000534865688674
26 11 23 0.000588081747586
17 12 31 0.000565069647464
44 13 3 0.000444439223787
0 31 29 0.000820418017588
39 1 20 0.000584780420163
17 18 25 0.000609069388139
13 24 23 0.000600539275794
21 15 24 0.00060858507757
5 25 30 0.000558551095357
2 23 35 0.000570968029697
59 0 1 0.000518034490428
19 31 10 0.000561240961747
16 0 44 0.00067257173668
29 5 26 0.000561048821157
12 17 31 0.000565069647464
9 14 37 0.000502091716183
36 3 21 0.000538706957448
11 44 5 0.000423624580479
19 22 19 0.00061880325113
22 17 21 0.000616530447443
16 31 13 0.000566278233658
29 19 12 0.000579543525933
9 26 25 0.000577564346527
9 19 32 0.000551712985417
28 21 11 0.000581741494327
5 11 44 0.000423624580479
2 14 44 0.00046787785258
0 30 30 0.000821286248119
42 6 12 0.000445024944313
27 12 21 0.000589536586579
28 8 24 0.000569654303715
7 34 19 0.000533385575385
11 3 46 0.000417114121438
35 22 3 0.00054703893668
28 19 13 0.000587904261256
38 17 5 0.000498688979294
11 38 11 0.000489774401922
36 2 22 0.000562897480566
21 12 27 0.000589536586579
16 8 36 0.000513625240855
9 23 28 0.000573763413236
8 31 21 0.000556645045176
23 23 14 0.0006056501852
22 16 22 0.000613724258099
16 30 14 0.000575562514854
17 14 29 0.000583277471058
34 22 4 0.00054256788204
6 53 1 0.000386369230522
0 29 31 0.000820418017588
34 1 25 0.000630629627707
27 6 27 0.000563833588954
20 35 5 0.000528571188991
13 26 21 0.00059670199104
35 0 25 0.000799937494985
19 29 12 0.000579543525933
33 15 12 0.000546726531298
9 41 10 0.000452685505882
17 1 42 0.000545658867504
14 43 3 0.000457961301012
5 3 52 0.000346374006092
3 10 47 0.000403607001432
36 1 23 0.000615717503072
41 15 4 0.000470617386893
8 30 22 0.000562167683825
1 25 34 0.000630629627707
9 32 19 0.000551712985417
46 13 1 0.00048585847447
16 29 15 0.000584054427249
24 11 25 0.000589362493229
15 30 15 0.000575915999366
8 0 52 0.000523584874616
23 16 21 0.000613089417709
25 9 26 0.000577564346527
47 1 12 0.000470390572843
6 52 2 0.000361360418101
34 15 11 0.000535861017312
23 1 36 0.000615717503072
20 34 6 0.00053414903673
45 2 13 0.000453724638536
7 27 26 0.000567205618363
15 2 43 0.000481793851003
20 20 20 0.000620624876737
18 41 1 0.000559440397503
28 17 15 0.000591215071466
51 9 0 0.000540788525529
8 51 1 0.000411152021077
1 42 17 0.000545658867504
21 7 32 0.000548719190895
50 3 7 0.000365979242514
39 16 5 0.00048723137665
3 33 24 0.000560486469349
14 2 44 0.00046787785258
46 12 2 0.000439466945027
44 6 10 0.000419094260354
20 13 27 0.000592904844502
45 7 8 0.000404493816949
24 24 12 0.000595279433757
26 15 19 0.000602275177782
19 32 9 0.000551712985417
8 18 34 0.000533613397403
27 11 22 0.000585532967493
17 42 1 0.000545658867504
5 53 2 0.000352159833508
13 28 19 0.000587904261256
19 27 14 0.000595523628638
29 9 22 0.000569998719715
8 44 8 0.000415957532029
36 7 17 0.000514274201223
19 18 23 0.000616376538476
9 34 17 0.000534309679581
0 24 36 0.00079077667923
2 1 57 0.000373898666741
12 16 32 0.000556335751302
26 21 13 0.00059670199104
25 29 6 0.000561326032631
27 32 1 0.000640366337092
16 3 41 0.000484072500847
9 35 16 0.000524284544741
42 1 17 0.000545658867504
4 35 21 0.000534865688674
45 4 11 0.000418002012485
7 25 28 0.000565946301449
46 2 12 0.000439466945027
30 8 22 0.000562167683825
35 18 7 0.0005242606635
28 23 9 0.000573763413236
19 4 37 0.000516540749585
46 7 7 0.000392997219042
22 3 35 0.00054703893668
51 7 2 0.000372328832234
11 34 15 0.000535861017312
36 6 18 0.000515949173091
2 20 38 0.000543676659051
6 11 43 0.000432035856162
17 25 18 0.000609069388139
25 0 35 0.000799937494985
49 11 0 0.000577577412196
46 3 11 0.000417114121438
21 35 4 0.000534865688674
30 10 20 0.000567932192157
26 20 14 0.000599917880717
12 20 28 0.00058513062186
34 17 9 0.000534309679581
3 54 3 0.000337791784896
34 26 0 0.000807537834977
6 49 5 0.000363438071327
4 24 32 0.000554714471559
42 0 18 0.000708016814567
27 2 31 0.000591497111978
5 21 34 0.000536736834183
20 39 1 0.000584780420163
13 30 17 0.000574518286348
4 52 4 0.000342124459796
28 22 10 0.00057788496369
2 38 20 0.000543676659051
9 4 47 0.000391839926085
47 13 0 0.000615843998012
36 5 19 0.000519452341439
41 11 8 0.000453414475786
49 1 10 0.000439869993691
46 9 5 0.000397766746838
33 4 23 0.000549203580748
39 15 6 0.000482751300565
6 12 42 0.000445024944313
23 20 17 0.00061527433194
34 16 10 0.000535133560842
24 28 8 0.000569654303715
33 11 16 0.000545892195496
6 48 6 0.000372188153326
22 6 32 0.000548409201255
3 7 50 0.000365979242514
20 38 2 0.000543676659051
45 6 9 0.000406384681257
8 37 15 0.000502518420415
10 35 15 0.000524714144684
11 13 36 0.000513742592469
16 12 32 0.000556335751302
14 45 1 0.000501256623742
14 38 8 0.000490815596489
9 51 0 0.000540788525529
51 5 4 0.000348420109833
18 21 21 0.000618854081602
50 7 3 0.000365979242514
39 20 1 0.000584780420163
13 45 2 0.000453724638536
20 26 14 0.000599917880717
25 2 33 0.000583686849508
46 8 6 0.000394128000967
2 47 11 0.000425247956462
21 19 20 0.000620024731277
7 14 39 0.000480132083066
41 8 11 0.000453414475786
16 7 37 0.000503520406582
26 3 31 0.000569273557353
1 9 50 0.000425176279456
47 6 7 0.000382603299343
24 27 9 0.000576293331224
28 12 20 0.00058513062186
11 27 22 0.000585532967493
20 37 3 0.00052939568825
18 35 7 0.0005242606635
7 48 5 0.000373883418934
38 9 13 0.000490157910944
29 13 18 0.000581753357221
29 17 14 0.000583277471058
9 6 45 0.000406384681257
37 19 4 0.000516540749585
18 20 22 0.000618232740386
8 24 28 0.000569654303715
13 35 12 0.000525327868788
35 8 17 0.000524024255459
13 17 30 0.000574518286348
7 1 52 0.000398085617614
30 7 23 0.000559707654648
33 6 21 0.000541807496111
8 52 0 0.000523584874616
1 0 59 0.000518034490428
20 18 22 0.000618232740386
47 8 5 0.000385449128184
24 26 10 0.000582959937935
5 16 39 0.00048723137665
40 9 11 0.000465294284403
3 5 52 0.000346374006092
4 39 17 0.000494870083604
45 8 7 0.000404493816949
2 21 37 0.000553774587906
11 11 38 0.000489774401922
16 10 34 0.000535133560842
51 3 6 0.000355326542624
11 46 3 0.000417114121438
8 23 29 0.000566517703157
19 24 17 0.000612777218961
23 31 6 0.000553894267806
22 23 15 0.000609861242306
12 44 4 0.000431349703568
41 10 9 0.000452685505882
42 7 11 0.000442181806539
12 24 24 0.000595279433757
3 50 7 0.000365979242514
24 25 11 0.000589362493229
5 1 54 0.000376584228843
15 29 16 0.000584054427249
27 14 19 0.000595523628638
4 38 18 0.000506078605648
17 7 36 0.000514274201223
35 24 1 0.000623793059998
49 7 4 0.00036776787047
28 26 6 0.000563205272437
22 5 33 0.00054387644544
14 35 11 0.000525103680786
7 13 40 0.000467731273606
36 11 13 0.000513742592469
41 7 12 0.000455032512107
40 15 5 0.000475193799381
2 49 9 0.000397579514036
2 58 0 0.000481572115707
